%YAML:1.0
rotation: !!opencv-matrix
   rows: 3
   cols: 3
   dt: d
   data: [ 9.9992176660611942e-01, -1.1088852705966613e-02,
       5.7877467949674207e-03, 1.1060171216366438e-02,
       9.9992651168172453e-01, 4.9642571128647849e-03,
       -5.8423693791079387e-03, -4.8998552716734596e-03,
       9.9997092864660553e-01 ]
translation: !!opencv-matrix
   rows: 3
   cols: 1
   dt: d
   data: [ -5.1961994807529867e-02, -3.0675543870938921e-04,
       1.0036693594241588e-03 ]
essential: !!opencv-matrix
   rows: 3
   cols: 3
   dt: d
   data: [ -9.3085763778614641e-06, -1.0020925441973554e-03,
       -3.1172899367011065e-04, 7.0000967162295899e-04,
       -2.6573579587649049e-04, 5.1966293186133952e-02,
       -2.6797711912489644e-04, -5.1961577773793823e-02,
       -2.5617727951469406e-04 ]
fundamental: !!opencv-matrix
   rows: 3
   cols: 3
   dt: d
   data: [ -9.4890678196753279e-09, -1.0205063710743876e-06,
       1.0498245447358015e-04, 7.1134537687690900e-07,
       -2.6977030203541614e-07, 1.8763858814416945e-02,
       -6.6866381469889115e-04, -5.3470261923743996e-02, 1. ]
