%YAML:1.0
depthShift: -3.4979165912288408e+01
