%YAML:1.0
cameraMatrix: !!opencv-matrix
   rows: 3
   cols: 3
   dt: d
   data: [ 3.5754486926946015e+02, 0., 2.4527720755973644e+02, 0.,
       3.5790102726552027e+02, 2.1192737433920274e+02, 0., 0., 1. ]
distortionCoefficients: !!opencv-matrix
   rows: 1
   cols: 5
   dt: d
   data: [ 1.1462958956797373e-01, -4.0895039578192660e-01,
       5.3322929270244535e-03, -5.3208509355965180e-03,
       2.7836153504988076e-01 ]
rotation: !!opencv-matrix
   rows: 3
   cols: 3
   dt: d
   data: [ 1., 0., 0., 0., 1., 0., 0., 0., 1. ]
projection: !!opencv-matrix
   rows: 4
   cols: 4
   dt: d
   data: [ 3.5754486926946015e+02, 0., 2.4527720755973644e+02, 0., 0.,
       3.5790102726552027e+02, 2.1192737433920274e+02, 0., 0., 0., 1.,
       0., 0., 0., 0., 1. ]
