%YAML:1.0
cameraMatrix: !!opencv-matrix
   rows: 3
   cols: 3
   dt: d
   data: [ 1.0318657094133428e+03, 0., 9.6246305316803659e+02, 0.,
       1.0351111615349166e+03, 5.5657730647001483e+02, 0., 0., 1. ]
distortionCoefficients: !!opencv-matrix
   rows: 1
   cols: 5
   dt: d
   data: [ 2.1329929219337025e-02, -1.6347185414073838e-03,
       2.4862184022166039e-03, -6.3412193624849547e-03,
       -4.4540818520815866e-02 ]
rotation: !!opencv-matrix
   rows: 3
   cols: 3
   dt: d
   data: [ 1., 0., 0., 0., 1., 0., 0., 0., 1. ]
projection: !!opencv-matrix
   rows: 4
   cols: 4
   dt: d
   data: [ 1.0318657094133428e+03, 0., 9.6246305316803659e+02, 0., 0.,
       1.0351111615349166e+03, 5.5657730647001483e+02, 0., 0., 0., 1.,
       0., 0., 0., 0., 1. ]
